    0     1     0     0     0     0     1     0     0     0     0     1     0     0
     0     1     0     0     0     0     1     0     0     0     0     1     0     0
     1     1     1     1     0     0     0     0     0     0     0     0     0     0
     1     1     1     1     0     0     0     0     0     0     0     0     0     0

     0     0     1     0     0     0     0     1     0     0     0     0     1     0
     0     0     1     0     0     0     0     1     0     0     0     0     1     0
     1     1     1     1     0     0     0     0     0     0     0     0     0     0
     1     1     1     1     0     0     0     0     0     0     0     0     0     0

     0     0     0     1     0     0     0     0     1     0     0     0     0     1
     0     0     0     1     0     0     0     0     1     0     0     0     0     1
     1     1     1     1     0     0     0     0     0     0     0     0     0     0
     1     1     1     1     0     0     0     0     0     0     0     0     0     0

     0     0     0     0     1     0     0     0     0     1     0     0     0     0
     0     0     0     0     1     0     0     0     0     1     0     0     0     0
     1     1     1     1     0     0     0     0     0     0     0     0     0     0
     1     1     1     1     0     0     0     0     0     0     0     0     0     0

     1     0     0     0     0     1     0     0     0     0     1     0     0     0
     1     0     0     0     0     1     0     0     0     0     1     0     0     0
     1     1     1     1     0     0     0     0     0     0     0     0     0     0
     1     1     1     1     0     0     0     0     0     0     0     0     0     0

     0     1     0     0     0     0     1     0     0     0     0     1     0     0
     0     1     0     0     0     0     1     0     0     0     0     1     0     0
     1     1     1     1     0     0     0     0     0     0     0     0     0     0
     1     1     1     1     0     0     0     0     0     0     0     0     0     0

     0     0     1     0     0     0     0     1     0     0     0     0     1     0
     0     0     1     0     0     0     0     1     0     0     0     0     1     0
     1     1     1     1     0     0     0     0     0     0     0     0     0     0
     1     1     1     1     0     0     0     0     0     0     0     0     0     0

     0     0     0     1     0     0     0     0     1     0     0     0     0     1
     0     0     0     1     0     0     0     0     1     0     0     0     0     1
     1     1     1     1     0     0     0     0     0     0     0     0     0     0
     1     1     1     1     0     0     0     0     0     0     0     0     0     0

     0     0     0     0     1     0     0     0     0     1     0     0     0     0
     0     0     0     0     1     0     0     0     0     1     0     0     0     0
     1     1     1     1     0     0     0     0     0     0     0     0     0     0
     1     1     1     1     0     0     0     0     0     0     0     0     0     0

     1     0     0     0     0     1     0     0     0     0     1     0     0     0
     1     0     0     0     0     1     0     0     0     0     1     0     0     0
     1     1     1     1     0     0     0     0     0     0     0     0     0     0
     1     1     1     1     0     0     0     0     0     0     0     0     0     0

     0     1     0     0     0     0     1     0     0     0     0     1     0     0
     0     1     0     0     0     0     1     0     0     0     0     1     0     0
     1     1     1     1     0     0     0     0     0     0     0     0     0     0
     1     1     1     1     0     0     0     0     0     0     0     0     0     0

     0     0     1     0     0     0     0     1     0     0     0     0     1     0
     0     0     1     0     0     0     0     1     0     0     0     0     1     0
     1     1     1     1     0     0     0     0     0     0     0     0     0     0
     1     1     1     1     0     0     0     0     0     0     0     0     0     0

     0     0     0     1     0     0     0     0     1     0     0     0     0     1
     0     0     0     1     0     0     0     0     1     0     0     0     0     1
     1     1     1     1     0     0     0     0     0     0     0     0     0     0
     1     1     1     1     0     0     0     0     0     0     0     0     0     0

     0     0     0     0     1     0     0     0     0     1     0     0     0     0
     0     0     0     0     1     0     0     0     0     1     0     0     0     0
     1     1     1     1     0     0     0     0     0     0     0     0     0     0
     1     1     1     1     0     0     0     0     0     0     0     0     0     0

     1     0     0     0     0     1     0     0     0     0     1     0     0     0
     1     0     0     0     0     1     0     0     0     0     1     0     0     0
     1     1     1     1     0     0     0     0     0     0     0     0     0     0
     1     1     1     1     0     0     0     0     0     0     0     0     0     0

     0     1     0     0     0     0     1     0     0     0     0     1     0     0
     0     1     0     0     0     0     1     0     0     0     0     1     0     0
     1     1     1     1     0     0     0     0     0     0     0     0     0     0
     1     1     1     1     0     0     0     0     0     0     0     0     0     0

     0     0     1     0     0     0     0     1     0     0     0     0     1     0
     0     0     1     0     0     0     0     1     0     0     0     0     1     0
     1     1     1     1     0     0     0     0     0     0     0     0     0     0
     1     1     1     1     0     0     0     0     0     0     0     0     0     0

     0     0     0     1     0     0     0     0     1     0     0     0     0     1
     0     0     0     1     0     0     0     0     1     0     0     0     0     1
     1     1     1     1     0     0     0     0     0     0     0     0     0     0
     1     1     1     1     0     0     0     0     0     0     0     0     0     0

     0     0     0     0     1     0     0     0     0     1     0     0     0     0
     0     0     0     0     1     0     0     0     0     1     0     0     0     0
     1     1     1     1     0     0     0     0     0     0     0     0     0     0
     1     1     1     1     0     0     0     0     0     0     0     0     0     0

     1     0     0     0     0     1     0     0     0     0     1     0     0     0
     1     0     0     0     0     1     0     0     0     0     1     0     0     0
     1     1     1     1     0     0     0     0     0     0     0     0     0     0
     1     1     1     1     0     0     0     0     0     0     0     0     0     0

     0     1     0     0     0     0     1     0     0     0     0     1     0     0
     0     1     0     0     0     0     1     0     0     0     0     1     0     0
     1     1     1     1     0     0     0     0     0     0     0     0     0     0
     1     1     1     1     0     0     0     0     0     0     0     0     0     0

     0     0     1     0     0     0     0     1     0     0     0     0     1     0
     0     0     1     0     0     0     0     1     0     0     0     0     1     0
     1     1     1     1     0     0     0     0     0     0     0     0     0     0
     1     1     1     1     0     0     0     0     0     0     0     0     0     0

     0     0     0     1     0     0     0     0     1     0     0     0     0     1
     0     0     0     1     0     0     0     0     1     0     0     0     0     1
     1     1     1     1     0     0     0     0     0     0     0     0     0     0
     1     1     1     1     0     0     0     0     0     0     0     0     0     0

     0     0     0     0     1     0     0     0     0     1     0     0     0     0
     0     0     0     0     1     0     0     0     0     1     0     0     0     0
     1     1     1     1     0     0     0     0     0     0     0     0     0     0
     1     1     1     1     0     0     0     0     0     0     0     0     0     0

     1     0     0     0     0     1     0     0     0     0     1     0     0     0
     1     0     0     0     0     1     0     0     0     0     1     0     0     0
     1     1     1     1     0     0     0     0     0     0     0     0     0     0
     1     1     1     1     0     0     0     0     0     0     0     0     0     0

     0     1     0     0     0     0     1     0     0     0     0     1     0     0
     0     1     0     0     0     0     1     0     0     0     0     1     0     0
     1     1     1     1     0     0     0     0     0     0     0     0     0     0
     1     1     1     1     0     0     0     0     0     0     0     0     0     0

     0     0     1     0     0     0     0     1     0     0     0     0     1     0
     0     0     1     0     0     0     0     1     0     0     0     0     1     0
     1     1     1     1     0     0     0     0     0     0     0     0     0     0
     1     1     1     1     0     0     0     0     0     0     0     0     0     0

     0     0     0     1     0     0     0     0     1     0     0     0     0     1
     0     0     0     1     0     0     0     0     1     0     0     0     0     1
     1     1     1     1     0     0     0     0     0     0     0     0     0     0
     1     1     1     1     0     0     0     0     0     0     0     0     0     0

     0     0     0     0     1     0     0     0     0     1     0     0     0     0
     0     0     0     0     1     0     0     0     0     1     0     0     0     0
     1     1     1     1     0     0     0     0     0     0     0     0     0     0
     1     1     1     1     0     0     0     0     0     0     0     0     0     0

     1     0     0     0     0     1     0     0     0     0     1     0     0     0
     1     0     0     0     0     1     0     0     0     0     1     0     0     0
     1     1     1     1     0     0     0     0     0     0     0     0     0     0
     1     1     1     1     0     0     0     0     0     0     0     0     0     0

     0     1     0     0     0     0     1     0     0     0     0     1     0     0
     0     1     0     0     0     0     1     0     0     0     0     1     0     0
     1     1     1     1     0     0     0     0     0     0     0     0     0     0
     1     1     1     1     0     0     0     0     0     0     0     0     0     0

     0     0     1     0     0     0     0     1     0     0     0     0     1     0
     0     0     1     0     0     0     0     1     0     0     0     0     1     0
     1     1     1     1     0     0     0     0     0     0     0     0     0     0
     1     1     1     1     0     0     0     0     0     0     0     0     0     0

     0     0     0     1     0     0     0     0     1     0     0     0     0     1
     0     0     0     1     0     0     0     0     1     0     0     0     0     1
     1     1     1     1     0     0     0     0     0     0     0     0     0     0
     1     1     1     1     0     0     0     0     0     0     0     0     0     0

     0     0     0     0     1     0     0     0     0     1     0     0     0     0
     0     0     0     0     1     0     0     0     0     1     0     0     0     0
     1     1     1     1     0     0     0     0     0     0     0     0     0     0
     1     1     1     1     0     0     0     0     0     0     0     0     0     0

     1     0     0     0     0     1     0     0     0     0     1     0     0     0
     1     0     0     0     0     1     0     0     0     0     1     0     0     0
     1     1     1     1     0     0     0     0     0     0     0     0     0     0
     1     1     1     1     0     0     0     0     0     0     0     0     0     0

     0     1     0     0     0     0     1     0     0     0     0     1     0     0
     0     1     0     0     0     0     1     0     0     0     0     1     0     0
     1     1     1     1     0     0     0     0     0     0     0     0     0     0
     1     1     1     1     0     0     0     0     0     0     0     0     0     0

     0     0     1     0     0     0     0     1     0     0     0     0     1     0
     0     0     1     0     0     0     0     1     0     0     0     0     1     0
     1     1     1     1     0     0     0     0     0     0     0     0     0     0
     1     1     1     1     0     0     0     0     0     0     0     0     0     0

     0     0     0     1     0     0     0     0     1     0     0     0     0     1
     0     0     0     1     0     0     0     0     1     0     0     0     0     1
     1     1     1     1     0     0     0     0     0     0     0     0     0     0
     1     1     1     1     0     0     0     0     0     0     0     0     0     0

     0     0     0     0     1     0     0     0     0     1     0     0     0     0
     0     0     0     0     1     0     0     0     0     1     0     0     0     0
     1     1     1     1     0     0     0     0     0     0     0     0     0     0
     1     1     1     1     0     0     0     0     0     0     0     0     0     0

     1     0     0     0     0     1     0     0     0     0     1     0     0     0
     1     0     0     0     0     1     0     0     0     0     1     0     0     0
     1     1     1     1     0     0     0     0     0     0     0     0     0     0
     1     1     1     1     0     0     0     0     0     0     0     0     0     0

     0     1     0     0     0     0     1     0     0     0     0     1     0     0
     0     1     0     0     0     0     1     0     0     0     0     1     0     0
     1     1     1     1     0     0     0     0     0     0     0     0     0     0
     1     1     1     1     0     0     0     0     0     0     0     0     0     0

     0     0     1     0     0     0     0     1     0     0     0     0     1     0
     0     0     1     0     0     0     0     1     0     0     0     0     1     0
     1     1     1     1     0     0     0     0     0     0     0     0     0     0
     1     1     1     1     0     0     0     0     0     0     0     0     0     0

     0     0     0     1     0     0     0     0     1     0     0     0     0     1
     0     0     0     1     0     0     0     0     1     0     0     0     0     1
     1     1     1     1     0     0     0     0     0     0     0     0     0     0
     1     1     1     1     0     0     0     0     0     0     0     0     0     0

     0     0     0     0     1     0     0     0     0     1     0     0     0     0
     0     0     0     0     1     0     0     0     0     1     0     0     0     0
     1     1     1     1     0     0     0     0     0     0     0     0     0     0
     1     1     1     1     0     0     0     0     0     0     0     0     0     0

     1     0     0     0     0     1     0     0     0     0     1     0     0     0
     1     0     0     0     0     1     0     0     0     0     1     0     0     0
     1     1     1     1     0     0     0     0     0     0     0     0     0     0
     1     1     1     1     0     0     0     0     0     0     0     0     0     0

     0     1     0     0     0     0     1     0     0     0     0     1     0     0
     0     1     0     0     0     0     1     0     0     0     0     1     0     0
     1     1     1     1     0     0     0     0     0     0     0     0     0     0
     1     1     1     1     0     0     0     0     0     0     0     0     0     0

     0     0     1     0     0     0     0     1     0     0     0     0     1     0
     0     0     1     0     0     0     0     1     0     0     0     0     1     0
     1     1     1     1     0     0     0     0     0     0     0     0     0     0
     1     1     1     1     0     0     0     0     0     0     0     0     0     0

     0     0     0     1     0     0     0     0     1     0     0     0     0     1
     0     0     0     1     0     0     0     0     1     0     0     0     0     1
     1     1     1     1     0     0     0     0     0     0     0     0     0     0
     1     1     1     1     0     0     0     0     0     0     0     0     0     0

     0     0     0     0     1     0     0     0     0     1     0     0     0     0
     0     0     0     0     1     0     0     0     0     1     0     0     0     0
     1     1     1     1     0     0     0     0     0     0     0     0     0     0
     1     1     1     1     0     0     0     0     0     0     0     0     0     0

     1     0     0     0     0     1     0     0     0     0     1     0     0     0
     1     0     0     0     0     1     0     0     0     0     1     0     0     0
     1     1     1     1     0     0     0     0     0     0     0     0     0     0
     1     1     1     1     0     0     0     0     0     0     0     0     0     0

     0     1     0     0     0     0     1     0     0     0     0     1     0     0
     0     1     0     0     0     0     1     0     0     0     0     1     0     0
     1     1     1     1     0     0     0     0     0     0     0     0     0     0
     1     1     1     1     0     0     0     0     0     0     0     0     0     0

     0     0     1     0     0     0     0     1     0     0     0     0     1     0
     0     0     1     0     0     0     0     1     0     0     0     0     1     0
     1     1     1     1     0     0     0     0     0     0     0     0     0     0
     1     1     1     1     0     0     0     0     0     0     0     0     0     0

     0     0     0     1     0     0     0     0     1     0     0     0     0     1
     0     0     0     1     0     0     0     0     1     0     0     0     0     1
     1     1     1     1     0     0     0     0     0     0     0     0     0     0
     1     1     1     1     0     0     0     0     0     0     0     0     0     0

     0     0     0     0     1     0     0     0     0     1     0     0     0     0
     0     0     0     0     1     0     0     0     0     1     0     0     0     0
     1     1     1     1     0     0     0     0     0     0     0     0     0     0
     1     1     1     1     0     0     0     0     0     0     0     0     0     0

     1     0     0     0     0     1     0     0     0     0     1     0     0     0
     1     0     0     0     0     1     0     0     0     0     1     0     0     0
     1     1     1     1     0     0     0     0     0     0     0     0     0     0
     1     1     1     1     0     0     0     0     0     0     0     0     0     0

     0     1     0     0     0     0     1     0     0     0     0     1     0     0
     0     1     0     0     0     0     1     0     0     0     0     1     0     0
     1     1     1     1     0     0     0     0     0     0     0     0     0     0
     1     1     1     1     0     0     0     0     0     0     0     0     0     0

     0     0     1     0     0     0     0     1     0     0     0     0     1     0
     0     0     1     0     0     0     0     1     0     0     0     0     1     0
     1     1     1     1     0     0     0     0     0     0     0     0     0     0
     1     1     1     1     0     0     0     0     0     0     0     0     0     0

     0     0     0     1     0     0     0     0     1     0     0     0     0     1
     0     0     0     1     0     0     0     0     1     0     0     0     0     1
     1     1     1     1     0     0     0     0     0     0     0     0     0     0
     1     1     1     1     0     0     0     0     0     0     0     0     0     0

     0     0     0     0     1     0     0     0     0     1     0     0     0     0
     0     0     0     0     1     0     0     0     0     1     0     0     0     0
     1     1     1     1     0     0     0     0     0     0     0     0     0     0
     1     1     1     1     0     0     0     0     0     0     0     0     0     0

     1     0     0     0     0     1     0     0     0     0     1     0     0     0
     1     0     0     0     0     1     0     0     0     0     1     0     0     0
     1     1     1     1     0     0     0     0     0     0     0     0     0     0
     1     1     1     1     0     0     0     0     0     0     0     0     0     0

     0     1     0     0     0     0     1     0     0     0     0     1     0     0
     0     1     0     0     0     0     1     0     0     0     0     1     0     0
     1     1     1     1     0     0     0     0     0     0     0     0     0     0
     1     1     1     1     0     0     0     0     0     0     0     0     0     0

     0     0     1     0     0     0     0     1     0     0     0     0     1     0
     0     0     1     0     0     0     0     1     0     0     0     0     1     0
     1     1     1     1     0     0     0     0     0     0     0     0     0     0
     1     1     1     1     0     0     0     0     0     0     0     0     0     0

     0     0     0     1     0     0     0     0     1     0     0     0     0     1
     0     0     0     1     0     0     0     0     1     0     0     0     0     1
     1     1     1     1     0     0     0     0     0     0     0     0     0     0
     1     1     1     1     0     0     0     0     0     0     0     0     0     0

     0     0     0     0     1     0     0     0     0     1     0     0     0     0
     0     0     0     0     1     0     0     0     0     1     0     0     0     0
     1     1     1     1     0     0     0     0     0     0     0     0     0     0
     1     1     1     1     0     0     0     0     0     0     0     0     0     0

     1     0     0     0     0     1     0     0     0     0     1     0     0     0
     1     0     0     0     0     1     0     0     0     0     1     0     0     0
     1     1     1     1     0     0     0     0     0     0     0     0     0     0
     1     1     1     1     0     0     0     0     0     0     0     0     0     0

     0     1     0     0     0     0     1     0     0     0     0     1     0     0
     0     1     0     0     0     0     1     0     0     0     0     1     0     0
     1     1     1     1     0     0     0     0     0     0     0     0     0     0
     1     1     1     1     0     0     0     0     0     0     0     0     0     0

     0     0     1     0     0     0     0     1     0     0     0     0     1     0
     0     0     1     0     0     0     0     1     0     0     0     0     1     0
     1     1     1     1     0     0     0     0     0     0     0     0     0     0
     1     1     1     1     0     0     0     0     0     0     0     0     0     0

     0     0     0     1     0     0     0     0     1     0     0     0     0     1
     0     0     0     1     0     0     0     0     1     0     0     0     0     1
     1     1     1     1     0     0     0     0     0     0     0     0     0     0
     1     1     1     1     0     0     0     0     0     0     0     0     0     0

     0     0     0     0     1     0     0     0     0     1     0     0     0     0
     0     0     0     0     1     0     0     0     0     1     0     0     0     0
     1     1     1     1     0     0     0     0     0     0     0     0     0     0
     1     1     1     1     0     0     0     0     0     0     0     0     0     0

     1     0     0     0     0     1     0     0     0     0     1     0     0     0
     1     0     0     0     0     1     0     0     0     0     1     0     0     0
     1     1     1     1     0     0     0     0     0     0     0     0     0     0
     1     1     1     1     0     0     0     0     0     0     0     0     0     0

     0     1     0     0     0     0     1     0     0     0     0     1     0     0
     0     1     0     0     0     0     1     0     0     0     0     1     0     0
     1     1     1     1     0     0     0     0     0     0     0     0     0     0
     1     1     1     1     0     0     0     0     0     0     0     0     0     0

     0     0     1     0     0     0     0     1     0     0     0     0     1     0
     0     0     1     0     0     0     0     1     0     0     0     0     1     0
     1     1     1     1     0     0     0     0     0     0     0     0     0     0
     1     1     1     1     0     0     0     0     0     0     0     0     0     0

     0     0     0     1     0     0     0     0     1     0     0     0     0     1
     0     0     0     1     0     0     0     0     1     0     0     0     0     1
     1     1     1     1     0     0     0     0     0     0     0     0     0     0
     1     1     1     1     0     0     0     0     0     0     0     0     0     0

     0     0     0     0     1     0     0     0     0     1     0     0     0     0
     0     0     0     0     1     0     0     0     0     1     0     0     0     0
     1     1     1     1     0     0     0     0     0     0     0     0     0     0
     1     1     1     1     0     0     0     0     0     0     0     0     0     0

     1     0     0     0     0     1     0     0     0     0     1     0     0     0
     1     0     0     0     0     1     0     0     0     0     1     0     0     0
     1     1     1     1     0     0     0     0     0     0     0     0     0     0
     1     1     1     1     0     0     0     0     0     0     0     0     0     0

     0     1     0     0     0     0     1     0     0     0     0     1     0     0
     0     1     0     0     0     0     1     0     0     0     0     1     0     0
     1     1     1     1     0     0     0     0     0     0     0     0     0     0
     1     1     1     1     0     0     0     0     0     0     0     0     0     0

     0     0     1     0     0     0     0     1     0     0     0     0     1     0
     0     0     1     0     0     0     0     1     0     0     0     0     1     0
     1     1     1     1     0     0     0     0     0     0     0     0     0     0
     1     1     1     1     0     0     0     0     0     0     0     0     0     0

     0     0     0     1     0     0     0     0     1     0     0     0     0     1
     0     0     0     1     0     0     0     0     1     0     0     0     0     1
     1     1     1     1     0     0     0     0     0     0     0     0     0     0
     1     1     1     1     0     0     0     0     0     0     0     0     0     0

     0     0     0     0     1     0     0     0     0     1     0     0     0     0
     0     0     0     0     1     0     0     0     0     1     0     0     0     0
     1     1     1     1     0     0     0     0     0     0     0     0     0     0
     1     1     1     1     0     0     0     0     0     0     0     0     0     0

     1     0     0     0     0     1     0     0     0     0     1     0     0     0
     1     0     0     0     0     1     0     0     0     0     1     0     0     0
     1     1     1     1     0     0     0     0     0     0     0     0     0     0
     1     1     1     1     0     0     0     0     0     0     0     0     0     0

     0     1     0     0     0     0     1     0     0     0     0     1     0     0
     0     1     0     0     0     0     1     0     0     0     0     1     0     0
     1     1     1     1     0     0     0     0     0     0     0     0     0     0
     1     1     1     1     0     0     0     0     0     0     0     0     0     0

     0     0     1     0     0     0     0     1     0     0     0     0     1     0
     0     0     1     0     0     0     0     1     0     0     0     0     1     0
     1     1     1     1     0     0     0     0     0     0     0     0     0     0
     1     1     1     1     0     0     0     0     0     0     0     0     0     0

     0     0     0     1     0     0     0     0     1     0     0     0     0     1
     0     0     0     1     0     0     0     0     1     0     0     0     0     1
     1     1     1     1     0     0     0     0     0     0     0     0     0     0
     1     1     1     1     0     0     0     0     0     0     0     0     0     0

     0     0     0     0     1     0     0     0     0     1     0     0     0     0
     0     0     0     0     1     0     0     0     0     1     0     0     0     0
     1     1     1     1     0     0     0     0     0     0     0     0     0     0
     1     1     1     1     0     0     0     0     0     0     0     0     0     0

     1     0     0     0     0     1     0     0     0     0     1     0     0     0
     1     0     0     0     0     1     0     0     0     0     1     0     0     0
     1     1     1     1     0     0     0     0     0     0     0     0     0     0
     1     1     1     1     0     0     0     0     0     0     0     0     0     0

     0     1     0     0     0     0     1     0     0     0     0     1     0     0
     0     1     0     0     0     0     1     0     0     0     0     1     0     0
     1     1     1     1     0     0     0     0     0     0     0     0     0     0
     1     1     1     1     0     0     0     0     0     0     0     0     0     0

     0     0     1     0     0     0     0     1     0     0     0     0     1     0
     0     0     1     0     0     0     0     1     0     0     0     0     1     0
     1     1     1     1     0     0     0     0     0     0     0     0     0     0
     1     1     1     1     0     0     0     0     0     0     0     0     0     0

     0     0     0     1     0     0     0     0     1     0     0     0     0     1
     0     0     0     1     0     0     0     0     1     0     0     0     0     1
     1     1     1     1     0     0     0     0     0     0     0     0     0     0
     1     1     1     1     0     0     0     0     0     0     0     0     0     0

     0     0     0     0     1     0     0     0     0     1     0     0     0     0
     0     0     0     0     1     0     0     0     0     1     0     0     0     0
     1     1     1     1     0     0     0     0     0     0     0     0     0     0
     1     1     1     1     0     0     0     0     0     0     0     0     0     0

     1     0     0     0     0     1     0     0     0     0     1     0     0     0
     1     0     0     0     0     1     0     0     0     0     1     0     0     0
     1     1     1     1     0     0     0     0     0     0     0     0     0     0
     1     1     1     1     0     0     0     0     0     0     0     0     0     0

     0     1     0     0     0     0     1     0     0     0     0     1     0     0
     0     1     0     0     0     0     1     0     0     0     0     1     0     0
     1     1     1     1     0     0     0     0     0     0     0     0     0     0
     1     1     1     1     0     0     0     0     0     0     0     0     0     0

     0     0     1     0     0     0     0     1     0     0     0     0     1     0
     0     0     1     0     0     0     0     1     0     0     0     0     1     0
     1     1     1     1     0     0     0     0     0     0     0     0     0     0
     1     1     1     1     0     0     0     0     0     0     0     0     0     0

     0     0     0     1     0     0     0     0     1     0     0     0     0     1
     0     0     0     1     0     0     0     0     1     0     0     0     0     1
     1     1     1     1     0     0     0     0     0     0     0     0     0     0
     1     1     1     1     0     0     0     0     0     0     0     0     0     0

     0     0     0     0     1     0     0     0     0     1     0     0     0     0
     0     0     0     0     1     0     0     0     0     1     0     0     0     0
     1     1     1     1     0     0     0     0     0     0     0     0     0     0
     1     1     1     1     0     0     0     0     0     0     0     0     0     0

     1     0     0     0     0     1     0     0     0     0     1     0     0     0
     1     0     0     0     0     1     0     0     0     0     1     0     0     0
     1     1     1     1     0     0     0     0     0     0     0     0     0     0
     1     1     1     1     0     0     0     0     0     0     0     0     0     0

     0     1     0     0     0     0     1     0     0     0     0     1     0     0
     0     1     0     0     0     0     1     0     0     0     0     1     0     0
     1     1     1     1     0     0     0     0     0     0     0     0     0     0
     1     1     1     1     0     0     0     0     0     0     0     0     0     0

     0     0     1     0     0     0     0     1     0     0     0     0     1     0
     0     0     1     0     0     0     0     1     0     0     0     0     1     0
     1     1     1     1     0     0     0     0     0     0     0     0     0     0
     1     1     1     1     0     0     0     0     0     0     0     0     0     0

     0     0     0     1     0     0     0     0     1     0     0     0     0     1
     0     0     0     1     0     0     0     0     1     0     0     0     0     1
     1     1     1     1     0     0     0     0     0     0     0     0     0     0
     1     1     1     1     0     0     0     0     0     0     0     0     0     0

     0     0     0     0     1     0     0     0     0     1     0     0     0     0
     0     0     0     0     1     0     0     0     0     1     0     0     0     0
     1     1     1     1     0     0     0     0     0     0     0     0     0     0
     1     1     1     1     0     0     0     0     0     0     0     0     0     0

     1     0     0     0     0     1     0     0     0     0     1     0     0     0
     1     0     0     0     0     1     0     0     0     0     1     0     0     0
     1     1     1     1     0     0     0     0     0     0     0     0     0     0
     1     1     1     1     0     0     0     0     0     0     0     0     0     0

     0     1     0     0     0     0     1     0     0     0     0     1     0     0
     0     1     0     0     0     0     1     0     0     0     0     1     0     0
     1     1     1     1     0     0     0     0     0     0     0     0     0     0
     1     1     1     1     0     0     0     0     0     0     0     0     0     0

     0     0     1     0     0     0     0     1     0     0     0     0     1     0
     0     0     1     0     0     0     0     1     0     0     0     0     1     0
     1     1     1     1     0     0     0     0     0     0     0     0     0     0
     1     1     1     1     0     0     0     0     0     0     0     0     0     0

     0     0     0     1     0     0     0     0     1     0     0     0     0     1
     0     0     0     1     0     0     0     0     1     0     0     0     0     1
     1     1     1     1     0     0     0     0     0     0     0     0     0     0
     1     1     1     1     0     0     0     0     0     0     0     0     0     0

     0     0     0     0     1     0     0     0     0     1     0     0     0     0
     0     0     0     0     1     0     0     0     0     1     0     0     0     0
     1     1     1     1     0     0     0     0     0     0     0     0     0     0
     1     1     1     1     0     0     0     0     0     0     0     0     0     0

     1     0     0     0     0     1     0     0     0     0     1     0     0     0
     1     0     0     0     0     1     0     0     0     0     1     0     0     0
     1     1     1     1     0     0     0     0     0     0     0     0     0     0
     1     1     1     1     0     0     0     0     0     0     0     0     0     0


ans =

    0.3994

>> individuo

individuo =

     1     1     1     1     1     1     1     1     1     1     1     1
     0     0     0     0     0     0     0     0     0     0     0     0
     1     1     1     1     1     1     1     1     1     1     1     1
     0     0     0     0     0     0     0     0     0     0     0     0