
     0     1     1     1     1     1     1     1     1     0     0     0     0     0
     1     1     1     1     0     0     0     0     0     0     0     0     0     0
     0     0     0     0     1     0     1     1     1     0     0     0     0     0
     1     1     1     1     0     0     0     0     0     0     0     0     0     0

     1     1     1     1     1     1     1     1     0     1     0     0     0     0
     1     1     1     1     1     0     0     0     0     0     0     0     0     0
     1     0     0     0     0     1     1     1     1     1     0     0     0     0
     1     1     1     0     1     0     0     0     0     0     0     0     0     0

     1     1     1     1     1     1     1     0     1     0     1     0     0     0
     1     1     1     1     0     1     0     0     0     0     0     0     0     0
     0     1     0     0     0     1     1     1     1     0     1     0     0     0
     1     1     0     1     0     1     0     0     0     0     0     0     0     0

     1     1     1     1     1     1     0     1     0     1     0     1     0     0
     1     1     1     0     1     0     1     0     0     0     0     0     0     0
     0     0     1     0     0     1     1     1     1     1     0     1     0     0
     1     0     1     0     1     0     1     0     0     0     0     0     0     0

     1     1     1     1     1     0     1     0     1     0     1     0     1     0
     1     1     0     1     0     1     0     1     0     0     0     0     0     0
     0     0     0     1     0     1     1     1     1     0     1     0     1     0
     0     1     0     1     0     1     0     1     0     0     0     0     0     0

     1     1     1     1     0     1     0     1     0     1     0     1     0     1
     1     0     1     0     1     0     1     0     1     0     0     0     0     0
     0     0     0     1     0     1     1     1     1     1     0     1     0     1
     0     0     1     0     1     0     1     0     1     0     0     0     0     0

     1     1     1     1     0     0     1     0     1     0     1     0     1     0
     0     1     0     1     0     1     0     1     1     0     0     0     0     0
     1     0     0     1     0     1     1     1     1     0     1     0     1     0
     1     0     0     1     0     1     0     1     1     0     0     0     0     0

     1     1     1     1     0     0     0     1     0     1     0     1     0     1
     1     0     1     0     1     0     1     1     1     0     0     0     0     0
     0     1     0     1     0     1     1     1     0     1     0     1     0     1
     0     1     0     0     1     0     1     1     1     0     0     0     0     0

     1     1     1     1     0     0     0     0     1     0     1     0     1     0
     0     1     0     1     0     1     1     1     1     0     0     0     0     0
     0     0     1     1     0     1     1     0     1     0     1     0     1     0
     0     0     1     0     0     1     1     1     1     0     0     0     0     0

     1     1     1     1     0     0     0     0     0     1     0     1     0     1
     0     0     1     0     1     1     1     1     1     0     0     0     0     0
     0     0     1     1     0     1     0     1     0     1     0     1     0     1
     0     0     0     1     0     1     1     1     1     0     0     0     0     0

     1     1     1     1     0     0     0     0     0     0     1     0     1     0
     0     0     0     1     1     1     1     1     1     0     0     0     0     0
     0     0     1     1     0     0     1     0     1     0     1     0     1     0
     0     0     0     0     1     1     1     1     1     0     0     0     0     0

     1     1     1     1     0     0     0     0     0     0     0     1     0     1
     1     0     0     1     1     1     1     1     1     0     0     0     0     0
     1     0     1     1     0     0     0     1     0     1     0     1     0     1
     1     0     0     0     1     1     1     1     0     1     0     0     0     0

     1     1     1     1     0     0     0     0     0     0     0     0     1     0
     0     1     0     1     1     1     1     1     1     0     0     0     0     0
     0     1     1     1     0     0     0     0     1     0     1     0     1     0
     0     1     0     0     1     1     1     0     1     0     1     0     0     0

     1     1     1     1     0     0     0     0     0     0     0     0     0     1
     0     0     1     1     1     1     1     1     1     0     0     0     0     0
     0     1     1     1     0     0     0     0     0     1     0     1     0     1
     0     0     1     0     1     1     0     1     0     1     0     1     0     0

     1     1     1     1     0     0     0     0     0     0     0     0     0     0
     0     0     1     1     1     1     1     1     1     0     0     0     0     0
     0     1     1     1     0     0     0     0     0     0     1     0     1     0
     0     0     0     1     1     0     1     0     1     0     1     0     1     0

     1     1     1     1     0     0     0     0     0     0     0     0     0     0
     0     0     1     1     1     1     1     1     1     0     0     0     0     0
     0     1     1     1     0     0     0     0     0     0     0     1     0     1
     0     0     0     1     0     1     0     1     0     1     0     1     0     1

     1     1     1     1     0     0     0     0     0     0     0     0     0     0
     1     0     1     1     1     1     1     1     1     0     0     0     0     0
     1     1     1     1     0     0     0     0     0     0     0     0     1     0
     1     0     0     0     1     0     1     0     1     0     1     0     1     0

     1     1     1     1     0     0     0     0     0     0     0     0     0     0
     0     1     1     1     1     1     1     1     1     0     0     0     0     0
     1     1     1     1     0     0     0     0     0     0     0     0     0     1
     0     1     0     0     0     1     0     1     0     1     0     1     0     1

     1     1     1     1     0     0     0     0     0     0     0     0     0     0
     0     1     1     1     1     1     1     1     1     0     0     0     0     0
     1     1     1     1     0     0     0     0     0     0     0     0     0     0
     0     0     1     0     0     0     1     0     1     0     1     0     1     0

     1     1     1     1     0     0     0     0     0     0     0     0     0     0
     0     1     1     1     1     1     1     1     1     0     0     0     0     0
     1     1     1     1     0     0     0     0     0     0     0     0     0     0
     0     0     0     1     0     0     0     1     0     1     0     1     0     1

     1     1     1     1     0     0     0     0     0     0     0     0     0     0
     0     1     1     1     1     1     1     1     1     0     0     0     0     0
     1     1     1     1     0     0     0     0     0     0     0     0     0     0
     0     0     0     0     1     0     0     0     1     0     1     0     1     0

     1     1     1     0     1     0     0     0     0     0     0     0     0     0
     1     1     1     1     1     1     1     1     1     1     0     0     0     0
     1     1     1     1     1     0     0     0     0     0     0     0     0     0
     1     0     0     0     0     1     0     0     0     1     0     1     0     1

     1     1     0     1     0     1     0     0     0     0     0     0     0     0
     1     1     1     1     1     1     1     1     1     0     1     0     0     0
     1     1     1     1     0     1     0     0     0     0     0     0     0     0
     0     1     0     0     0     0     1     0     0     0     1     0     1     0

     1     0     1     0     1     0     1     0     0     0     0     0     0     0
     1     1     1     1     1     1     1     1     0     1     0     1     0     0
     1     1     1     1     1     0     1     0     0     0     0     0     0     0
     0     0     1     0     0     0     0     1     0     0     0     1     0     1

     0     1     0     1     0     1     0     1     0     0     0     0     0     0
     1     1     1     1     1     1     1     0     1     0     1     0     1     0
     1     1     1     1     0     1     0     1     0     0     0     0     0     0
     0     0     0     1     0     0     0     0     1     0     0     0     1     0

     0     0     1     0     1     0     1     0     1     0     0     0     0     0
     1     1     1     1     1     1     0     1     0     1     0     1     0     1
     1     1     1     1     1     0     1     0     1     0     0     0     0     0
     0     0     0     1     0     0     0     0     0     1     0     0     0     1

     1     0     0     1     0     1     0     1     1     0     0     0     0     0
     1     1     1     1     1     0     1     0     1     0     1     0     1     0
     1     1     1     1     0     1     0     1     1     0     0     0     0     0
     1     0     0     1     0     0     0     0     0     0     1     0     0     0

     0     1     0     0     1     0     1     1     1     0     0     0     0     0
     1     1     1     1     0     1     0     1     0     1     0     1     0     1
     1     1     1     1     1     0     1     1     1     0     0     0     0     0
     0     1     0     1     0     0     0     0     0     0     0     1     0     0

     0     0     1     0     0     1     1     1     1     0     0     0     0     0
     1     1     1     1     0     0     1     0     1     0     1     0     1     0
     1     1     1     1     0     1     1     1     1     0     0     0     0     0
     0     0     1     1     0     0     0     0     0     0     0     0     1     0

     0     0     0     1     0     1     1     1     1     0     0     0     0     0
     1     1     1     1     0     0     0     1     0     1     0     1     0     1
     1     1     1     0     1     1     1     1     1     0     0     0     0     0
     0     0     1     1     0     0     0     0     0     0     0     0     0     1

     0     0     0     0     1     1     1     1     1     0     0     0     0     0
     1     1     1     1     0     0     0     0     1     0     1     0     1     0
     1     1     0     1     1     1     1     1     1     0     0     0     0     0
     0     0     1     1     0     0     0     0     0     0     0     0     0     0

     1     0     0     0     1     1     1     1     1     0     0     0     0     0
     1     1     1     1     0     0     0     0     0     1     0     1     0     1
     1     0     1     1     1     1     1     1     1     0     0     0     0     0
     1     0     1     1     0     0     0     0     0     0     0     0     0     0


ans =

    0.6572

>> individuo

individuo =

     1     0     1     1     1     1     0     0     1     0     0     1
     1     1     0     0     1     1     0     1     1     0     0     1
     1     0     0     1     0     1     1     1     1     0     0     1
     1     0     1     0     1     0     1     1     1     0     1     1